16775930
16316671
16316671
16053445
16053445
14474460
16775920
16775920
16643558
16643558
16442150
16438999
16438999
16773077
16773077
16770253
16770253
16767620
16763097
16763097
16768557
16768557
16767605
16775196
16776960
16774861
16774861
16773358
15794160
16121850
16121850
15794175
15792383
15792383
15132410
16773077
16773077
16770241
16770241
16777215
0
3090161
3090161
3090161
3090161
6862309
6862309
6862309
6862309
7368816
7368816
7368816
7368816
7829369
7829369
7829369
7829369
12500670
12500670
13882323
13882323
13882323
13882323
1644912
1644912
327680
327680
327680
6591981
6591981
4746955
4746955
6947325
6947325
8056446
8056446
8679679
8679679
2015231
2015231
4286945
4286945
255
2003199
2003199
49151
49151
8887515
8887515
8900346
8900346
4617492
4617492
11529966
11529966
11393254
11393254
11529966
11529966
11529966
5275647
5275647
6821547
6821547
8388352
8388352
4194432
8388564
64240
11394815
11394815
3329330
3329330
9432992
9432992
8311585
8311585
32768
32768
5597999
5597999
9390401
9390401
3066993
3066993
3988241
3988241
2139610
2139610
10025880
10025880
65382
65382
8189952
8323199
255
2263842
2263842
3261856
3261856
2263842
2263842
2263842
7368817
7368817
8092539
8092539
8092539
8092539
1644912
1644912
327680
327680
327680
6591981
6591981
4746955
4746955
6947325
6947325
8056446
8056446
8679679
8679679
2015231
2015231
4286945
4286945
255
2003199
2003199
49151
49151
8887515
8887515
8900346
8900346
4617492
4617492
11529966
11529966
11393254
11393254
11529966
11529966
11529966
5275647
5275647
6821547
6821547
8388352
8388352
4194432
8388564
64240
11394815
11394815
3329330
3329330
9432992
9432992
8311585
8311585
32768
32768
5597999
5597999
9390401
9390401
3066993
3066993
3988241
3988241
2139610
2139610
10025880
10025880
65382
65382
8189952
8323199
255
16775930
15658793
13421641
9139785
16773358
15655710
13420991
9138434
16772827
15657740
13418480
9137400
16767620
15650797
13416917
9136485
16768557
15652801
13418955
9136990
16774861
15658751
13421605
9138544
16775196
15659469
13421809
9138680
16776960
15658751
13420993
9138563
15794160
14737600
12632257
8618099
16773077
15657438
13417727
9138434
16770241
15653678
13415408
9135864
16767620
15650797
13416917
9136485
16768557
15652801
13418955
9136990
16774861
15658751
13421605
9138544
16775196
15659469
13421809
9138680
16776960
15658751
13420993
9138563
15794160
14737600
12632257
8618099
16773077
15657438
13417727
9138434
16770241
15653678
13415408
9135864
16767620
15650797
13416917
9136485
16768557
15652801
13418955
9136990
16774861
15658751
13421605
9138544
16775196
15659469
13421809
9138680
16776960
15658751
13420993
9138563
15794160
14737600
12632257
8618099